0;https://ut.no/utforsker/omrade/1271/nordmarka/hytter;;;;
2;59.971880;10.626350;0162;Bogstad gård;
2;59.977343;10.677618;0438;Frognerseteren;
2;60.078840;10.749070;0384;Gørjahytta;
2;59.978230;10.695320;0402;Fuglemyrhytta;
2;60.169130;10.495900;0486;Sinnerdammen;
2;60.024480;10.840270;0404;Røverhula;
2;60.051300;10.761000;0469;Tømtehytta(lille);
2;60.147600;10.591330;0464;Katnosdammen;
2;60.051300;10.761240;0470;Tømtehytta(store);
2;60.024560;10.840320;0405;Fjellvang;
2;60.076380;10.655290;0356;Kikutstua;

